1786 -16.0 0.0
1208 -16.0 0.0 
2103 -16.0 0.0
2229 -16.0 0.0
2190 -16.0 0.0
3389 -16.0 0.0 
1798 -16.0 0.0
1771 -16.0 0.0
1796 -16.0 0.0
1799 -16.0 0.0
1803 -16.0 0.0
1516 -16.0 0.0
1433 -16.0 0.0
2311 -16.0 0.0
1714 -16.0 0.0
2723 -16.0 0.0 
1704 -16.0 0.0
1723 -16.0 0.0
1735 -16.0 0.0
2164 -16.0 0.0
2162 -16.0 0.0
2161 -16.0 0.0
2204 -16.0 0.0
2815 -16.0 0.0
1828 -16.0 0.0
2627 -16.0 0.0
2525 -16.0 0.0
2523 -16.0 0.0
2231 -16.0 0.0
2230 -16.0 0.0
2028 -16.0 0.0
1719 -16.0 0.0
2103 -16.0 0.0
2102 -16.0 0.0
1958 -16.0 0.0
2099 -16.0 0.0
2224 -16.0 0.0
1839 -16.0 0.0
1749 -16.0 0.0
14391 -16.0 0.0
14604 -16.0 0.0
2596 -16.0 0.0
1792 -16.0 0.0
2435 -16.0 0.0
1787 -16.0 0.0
1827 -16.0 0.0
2226 -16.0 0.0
2762 -16.0 0.0
2227 -16.0 0.0
2315 -16.0 0.0